1 2 2 0
10 5
9  7 5 15 
30
1 1 5 5 2 (3, 4),(9,5)
2 2 7 5 3 (7,3),(10,4),(30,10)
2 3 10 10  3 (1,5),(6,3),(20,8)
3 4 11 10 1 (12,7)
5 5 3 20 3 (6,8),(34,13),(44,2)
6 6 7 30 0
8 7 9 30 0
8 8 5 40 1 (52,5)
8 9 3 50 2 (2,30),(4,40)
10 10 30 15 3 (4,5),(6,7),(14,13)
12 11 30 13 0
12 12 5 40  1 (15,5)
13 13 9 50 0
16 14 10 50 0
18 15 2 60  0
20 16 3 70 1 (3, 4)
22 17 50 80  2 (10,7),(13,5)
22 18 13 80 0
23 19 2 70 1 (14,6)
23 20 3 60 0
25 21 7 70 0
27 22 9 65 3 (24,3),(30,6),(44,2)
29 23 5 90 0
29 24 3 70 0
30 25 15 60 1 (32,4)
30 26 13 70 0
30 27 5 90 1 (34,3)
30 28 9 100 0
33 29 10 110 0
34 30 2 120 0 
SIGKILL Times
7 6
12 9
12 7
12 12
23 18
27 19