1 1 1 1
10 15
1  9999  200 10 
90
1		 1			5		5   2 (3, 4), (9, 5)
2		 2			5		5   2 (10, 20), (30, 40)
2		 3			5		10  2 (1, 20), (20, 17)
3		 4			5		10  1 (12, 7)
5		 5			5		20  2 (34, 13), (44, 2)
6		 6			5		30  0
8		 7			5		30  0
8		 8			5		40  1 (52, 5)
8		 9		   	5		50  2 (2, 30), (4, 40)
10		 10		  	5		15  2 (4, 5), (6, 7)
12		 11			5		13  0
12		 12			5		40  0
13		 13			5		50  0
16		 14			5		50  0
18		 15		        5		60  0
20		 16			5		70  1 (3, 4)
22		 17		        5		80  2 (10, 20), (30, 40)
22		 18			5		80  0
23		 19		        5		70  1 (14, 13)
23		 20			5		60  0
25		 21		        5		70  0
27		 22		        5		65  2 (24, 11), (44, 2)
29		 23			5		90  0
29		 24			5		70  0
30		 25		        5		60  0
30		 26		    	5		70  0
30		 27		    	5		90  1 (34, 13)
30		 28		    	5		100 0
33		 29		    	5		110 0
34		 30		    	5		120 0
41		 31			5		5   2 (3, 4), (9, 5)
45		 32			5		5   2 (10, 20), (30, 40)
45		 33			5		10  2 (1, 20), (20, 17)
45		 34			5		10  1 (12, 7)
47		 35			5		20  2 (34, 13), (44, 2)
50		 36			5		30  0
58		 37			5		30  0
61		 38			5		40  1 (52, 5)
62		 39		    	5		50  2 (2, 30), (4, 40)
69		 40		    	5		15  2 (4, 5), (6, 7)
69		 41			5		13  0
69		 42			5		40  0
73		 43			5		50  0
75		 44			5		50  0
75		 45		    	5		60  0
76		 46			5		70  1 (3, 4)
80		 47		    	5		80  2 (10, 20), (30, 40)
82		 48			5		80  0
85		 49		    	5		70  1 (14, 13)
90		 50			5		60  0
91		 51		    	5		70  0
92		 52		    	5		65  2 (24, 11), (44, 2)
93		 53			5		90  0
94		 54			5		70  0
96		 55		    	5		60  0
99		 56		    	5		70  0
99		 57		    	5		90  1 (34, 13)
99		 58		    	5		100 0
100		 59		    	5		110 0
100		 60		    	5		120 0
101		 61			5		5   2 (3, 4), (9, 5)
105		 62			5		5   2 (10, 20), (30, 40)
110		 63			5		10  2 (1, 20), (20, 17)
115		 64			5		10  1 (12, 7)
118		 65			5		20  2 (34, 13), (44, 2)
121		 66			5		30  0
122		 67			5		30  0
122		 68			5		40  1 (52, 5)
126		 69		    	5		50  2 (2, 30), (4, 40)
129		 70		    	5		15  2 (4, 5), (6, 7)
135		 71			5		13  0
139		 72			5		40  0
145		 73			5		50  0
146		 74			5		50  0
150		 75		    	5		60  0
152		 76			5		70  1 (3, 4)
160		 77		    	5		80  2 (10, 20), (30, 40)
169		 78			5		80  0
169		 79		    	5		70  1 (14, 13)
175		 80			5		60  0
185		 81		    	5		70  0
190		 82		    	5		65  2 (24, 11), (44, 2)
200		 83			5		90  0
201		 84			5		70  0
207		 85		    	5		60  0
215		 86		    	5		70  0
220		 87		    	5		90  1 (34, 13)
222		 88		    	5		100 0
223		 89		    	5		110 0
223		 90		    	5		120 0
SIGKILL Times
2 1
4 4
4 3
7 6
12 9
12 7
12 12
23 18
27 19