4 0 0 0
5 10
4  10  50 20 
30
1 1 5 5 2 (3, 4),(9,5)
2 2 7 5 2 (10,20),(30,40)
2 3 10 10  2 (1,20),(20,3)
3 4 11 10 2 (8,10),(12,7)
5 5 3 20 2 (34,13),(44,2)
6 6 7 30 0
8 7 9 30 0
8 8 5 40 1 (52,5)
8 9 3 50 2 (2,30),(4,40)
10 10 30 15 3 (4,5),(6,7),(13,10)
12 11 30 13 1 (15,5)
12 12 5 40  0
13 13 9 50 0
16 14 10 50 0
18 15 2 60  0
20 16 3 70 1 (3, 4)
22 17 50 80  2 (10,20),(30,40)
22 18 13 80 0
23 19 2 70 1 (14,13)
23 20 3 60 0
25 21 7 70 0
27 22 9 65 2 (24,11),(44,2)
29 23 5 90 0
29 24 3 70 0
30 25 15 60 0
30 26 13 70 0
30 27 5 90 1 (34,13)
30 28 9 100 0
33 29 10 110 0
34 30 2 120 0 
SIGKILL Times
5 2
6 5
7 6
12 4
12 9
12 7
12 12
23 18
27 19