1 1 1 2
5 10
4  10  100 20 
30
1 1 5 50 2 (3, 4),(9,5)
2 2 7 60 2 (10,20),(30,40)
2 3 10 80  2 (1,20),(20,17)
3 4 11 50 1 (12,7)
5 5 3 100 2 (34,13),(44,2)
6 6 7 40 0
8 7 9 45 0
8 8 5 80 1 (52,5)
8 9 3 160 2 (2,30),(4,40)
10 10 10 45 2 (4,5),(6,7)
12 11 30 50 0
12 12 5 50  0
13 13 9 40 0
16 14 10 60 2 (10,10),(15,5)
18 15 2 80  0
20 16 3 70 1 (3, 4)
22 17 50 20  2 (10,20),(15,10)
22 18 13 5 0
23 19 2 70 1 (14,13)
23 20 3 5 0
25 21 7 5 0
27 22 9 65 2 (24,11),(44,2)
29 23 5 100 0
29 24 3 100 0
30 25 15 100 0
30 26 13 100 0
30 27 5 150 1 (34,13)
30 28 9 130 0
33 29 10 110 0
34 30 2 90 0 
SIGKILL Times
7 6
12 9
12 7
12 12
23 18
27 19