3 2 2 2
10 13 
15 35 10 20
70
5 1 88 112 0
7 2 92 110 0
9 3 50 90 1 (15,7)
12 4 4 50 0 
13 5 20 377 4 (11,17),(16,13),(29,28),(50,14)
16 6 10 322 0
16 7 50 311 0
17 8 15 53 0
18 9 90 5 0
21 10 50 182 0
22 11 15 237 2 (2, 30), (4, 40)
22 12 20 346 0
23 13 15 348 0
23 14 50 135 2 (2, 30), (4, 40)
26 15 40 342 0
28 16 19 28 0
28 17 70 127 2 (2, 30), (4, 40)
28 18 30 151 0
28 19 15 51 0
30 20 20 109 0
32 21 20 239 2 (10, 20), (30, 40)
35 22 50 373 0
36 23 54 53 0
38 24 10 237 0
38 25 30 220 0
41 26 97 324 0
44 27 20 110 0
47 28 3 270 4 (11,5),(26,7),(41,19),(60,16)
47 29 17 246 2 (7,10),(14,16)
47 30 19 223 2 (18,23),(31,6)
50 31 28 44 3 (5,17),(9,21),(22,26)
52 32 41 270 0
52 33 20 183 0 
52 34 2 6 3 (8,11),(18,22),(29,21)
52 35 18 86 3 (13,13),(28,12),(35,5)
52 36 20 384 0
55 37 19 22 2 (2, 30), (4, 40)
58 38 19 248 0
61 39 40 238 0
63 40 20 202 2 (34, 13), (44, 2)
66 41 20 326 1 (9,23)
66 42 7 225 2 (4,19),(9,14)
69 43 24 381 0
69 44 17 261 0
71 45 28 148 0
72 46 29 332 2 (10, 20), (30, 40)
74 47 56 345 0
76 48 9 310 0
76 49 25 353 0
79 50 4 45 2 (4,24),(24,17)
81 51 23 16 0
84 52 25 59 0 
84 53 29 45 0
84 54 43 86 2 (34, 13), (44, 2)
84 55 25 256 0
87 56 18 323 0
89 57 21 175 3 (8,20),(16,29),(24,6)
89 58 15 385 1 (5,14)
92 59 12 0 2 (13,29),(32,19)
92 60 25 17 0
95 61 42 342 0 
95 62 24 384 4 (15,16),(23,27),(39,5),(59,9)
98 63 13 145 0
98 64 26 248 0
98 65 28 9 0
100 66 27 304 2 (34, 13), (44, 2)
103 67 23 32 1 (20,7)
103 68 25 357 0
106 69 17 77 0
107 70 10 259 1 (1,13)
SIGKILL Times
18 48
28 144
44 51
81 82
116 69
154 54
